22898051274
22896470418
22897794927
22899338033
22897871873
22898281802
22897792511
22899380033
22897795328
22898493492
22899856081
22897668409
22879040820
22899812772
22897612621
22879242212
22898721874
22899951751
22879041721
22879042414
22898490583
22897611695
22898063948
22898210323
22899101541
22897300444
22879241668
22898721130
22879241195
22897301755
22898773177
22897611279
22898061641
22898720904
22898721191
22898210386
22899101544
22878884363
22899384771
22897320282
22898990532
22897611502
22898212318
22897320054
22899585596
22898587728
22898060006
22898084752
22898000590
22898210758
22899161757
22898587728
22879730384
22899580181
22899580317
22899580181
22897320310
22879731701
22898061548
22898061548
22898081033
22896374828
22897921412
22878931197
22899667129
22899160958
22899583837
22899583837
22898210104
22898210104
22897320143
22898080632
22898081537
22898064540
22897920365
22898065393
22878931442
22897922165
22897921548
22898083397
22899662678
22899663466
22899160780
22898084885
22899664768
22896370000
22898064959
22898080528
22899581697
22879000254
22897922200
22897920735
22898211837
22897922307
22897921861
22897922706
22897922131
22897923995
22898964862
22897926972
22897924213
22897922338
22898086112
22899663206
22897924165
22898089880
22899665991
22897926380
22879781806
22898089880
22899665395
22897399677
22899666604
22898817439
22898060290
22898734297
22896622267
22898721893
22890285156
22878879395
22879004729
22897721329
22896359517
22896763603
22870609369
22899202884
22897913405
22898859784
22899021146
22879284013
22879485939
22879780044
22898940005
22870613721
22879638357
22879638357
22897452096
22898702285
22896865331
22898561687
22899764093
22899282539
22878983094
22898282615
22879151055
22897931652
22898005819
22896266139
22878953017
22870533650
22879417373
22898616682
22879551343
22898508836
22896360446
22899207620
22899778605
22878953017
22898957933
22878916869
22897930188
22897759646
22879328152
22898312898
22898280791
22898478541
22896167440
22899912138
22898824577
22898862129
22898527486
22899056153
22896946167
22899056153
22897643325
22896946167
22879163777
22897023428
22899330602
22879828250
22896337910
22898795628
22899792222
22899311569
22898702285
22899708768
22898038651
22896877506
22896877506
22896147833
22898424083
22898528126
22897622534
22897589181
22899292941
22897371707
22897416778
22898057561
22897837027
22898548511
22896711040
22898259940
22896196781
22898259940
22879198496
22896486692
22898259940
22898259940
22899926959
22899778605
22898527486
22898527486
22898280791
22899554565
22899106830
22878941578
22896342125
22871871767
22897281038
22896782186
22898832770
22898691475
22899615693
22879252583
22899951329
22896816803
22897250478
22898406893
22897568590
22897625298
22899002809
22897014894
22899213999
22897083670
22879294492
22898080034
22878945339
22897280214
22899002809
22872152332
22897130696
22898193349
22897921411
22879542393
22879542393
22899538821
22897298630
22897684937
22897083670
22899213999
22897083670
22897014894
22896222029
22890318855
22890583861
22899961008
22899961950
22899614958
22898694803
22878976747
22898190331
22896053864
22897163909
22899843532
22898216817
22896325027
22896054299
22896000405
22899213999
22899931010
22898591978
22899251909
22897276427
22896877506
22896361565
22898080981
22898081044
22896483889
22899406949
22897561100
22899633422
22899035822
22897942965
22899130412
22898467789
22878864208
22879952028
22870096802
22897528811
22879058186
22899133274
22879494795
22879771253
22899471628
22898082170
22898082170
22897267345
22897936944
22897267345
22896000460
22897936944
22899297161
22879442011
22897208075
22897391337
22879560529
22879494795
22899407130
22899632048
22897563609
22871782347
22899214521
22899214521
22879952028
22879992388
22879560529
22896121927
22897372495
22898250797
22898250797
22898892185
22899873939
22899509091
22897410658
22899029849
22899929660
22899130412
22898898841
22899659331
22896040420
22899473253
22899586019
22878996504
22871324346
22879046261
22898062977
22898051713
22879040958
22890340037
22879828250
22870723018
22870923868
22896860746
22870136479
22899962499
22897431937
22870839788
22879876223
22879633221
22879954633
22899100114
22871137571
22870997758
22898258162
22879742143
22879742143
22879862155
22879505365
22879505365
22879939662
22879755680
22879755680
22897614687
22872202309
22899634064
22879171141
22879294416
22879819878
22897532180
22879962080
22878944620
22879657366
22879684089
22898240818
22879684089
22896400752
22898288218
22879684089
22898108873
22898312804
22897861940
22879001186
22878868439
22896177881
22896337910
22897894218
22879500041
22879500041
22896121927
22896730578
22897980494
22879717701
22897759371
22898038669
22899870827
22899870827
22899246156
22897033759
22899029849
22879564532
22879302839
22870874822
22896603846
22897212791
22899282046
22896852661
22879302839
22870202283
22898983368
22898983368
22898108873
22898458995
22879876223
22898675295
22899417771
22899576185
22899755507
22898612188
22879952925
22899335812
22870849639
22898786206
22879485939
22896587186
22896361565
22897989273
22879065602
22899430191
22898786206
22899873162
22898072089
22898994913
22899734700
22898994913
22896146090
22878968837
22896730578
22878813291
22897395816
22878876753
22898635568
22898565763
22898589555
22897371707
22897044593
22897062932
22896247262
22897062932
22898691475
22898083911
22899711718
22898198984
22897460155
22898083911
22898044949
22899290646
22897371707
22899223716
22897668409
22897197980
22897994587
22899734700
22898097258
22899913524
22897020839
22898181949
22898181949
22897210898
22897432437
22879146374
22897075364
22898618502
22898941629
22896489874
22898941752
22897110244
22879749164
22896864546
22896378032
22879568016
22897972515
22898198617
22899873162
22879494194
22879292356
22896100728
22897623586
22897323301
22879682154
22898044949
22896053864
22879636428
22896683122
22898280791
22879494194
22899253349
22896267272
22899056845
22899135687
22897162071
22899232217
22897583733
22898651286
22896760147
22897583733
22879252583
22899147367
22898515085
22897300446
22897109436
22899055747
22896141496
22898467400
22899953787
22899147367
22870762950
22896680102
22898529552
22879682154
22899835211
22899005639
22879860604
22898901125
22898132391
22879295437
22898887630
22870768220
22891352965
22897185246
22879158842
22898199350
22898912691
22898638925
22896904421
22899430191
22899974199
22898132391
22897794115
22898056285
22896906366
22898530256
22870330279
22899441679
22879893819
22879504491
22896405095
22879997221
22890323740
22879459520
22871131016
22879003502
22896884423
22879270350
22879013056
22879195522
22878868439
22899302004
22896898506
22898994077
22872256086
22898561595
22899296795
22879686655
22870055211
22879190407
22899973103
22879163777
22879190407
22879462358
22899322320
22898084886
22899456769
22879568016
22879879139
22878927447
22897852752
22898994913
22879761889
22879065600
22879022465
22897882267
22879200486
22879132888
22897926383
22870013804
22898077557
22897185246
22879296216
22897410010
22898213587
22898345644
22879296216
22896603584
22892659616
22897103203
22896430402
22879932245
22897193312
22899541403
22898311681
22899906310
22899521407
22897432437
22879164710
22897287803
22896405095
22899102989
22899102989
22897787763
22896012051
22899102989
22899102989
22879136203
22897281743
22899926759
22897210551
22897394962
22896942933
22897567846
22898671510
22899493529
22879467144
22879762338
22896898506
22879590672
22898051982
22879502265
22896333391
22897075364
22898321767
22899901146
22898279821
22896121556
22899775957
22879238866
22898135048
22896935641
22879490242
22879104440
22897730998
22897380804
22896982760
22870600927
22896332058
22896694111
22896240522
22879133570
22897380804
22897031736
22879426222
22896112877
22899747152
22896112877
22898971889
22896112877
22879778659
22896888338
22897191095
22898025228
22899906310
22879494873
22899579873
22899449859
22897238616
22896038161
22899361457
22896359255
22898525214
22879144681
22898691982
22896603584
22896603584
22896014614
22897229862
22898089954
22879099276
22899406647
22897380804
22896012310
22879163388
22896333391
22899583682
22897523934
22899406647
22879462033
22899530566
22897778489
22879504491
22896822883
22897463505
22896116329
22897221835
22879782547
22897154326
22897037052
22897221835
22899317162
22896609481
22898892029
22898392427
22879130350
22896121411
22879670108
22879493345
22896323557
22898530440
22879493345
22897157174
22879526251
22897517559
22897819067
22898512053
22879670108
22897363755
22896405095
22897921552
22899778207
22899745122
22898906134
22897472302
22896062340
22896923340
22879145711
22898462448
22898957933
22879830600
22879830600
22898462448
22879938029
22897759010
22879675134
22897660474
22898089875
22898364172
22897926383
22896405095
22896248695
22879969858
22879969858
22899894195
22899250088
22896161919
22896623638
22898531454
22879672428
22899401770
22896440407
22897381197
22896036823
22896687353
22897151661
22897634796
22898281806
22899401770
22899710543
22899710543
22879830014
22896141853
22879122034
22896533863
22899149891
22899149891
22898713259
22897571306
22879005732
22896116329
22879294279
22898520831
22899263545
22871785884
22899762523
22896354697
22870957016
22898953101
22896161382
22879122034
22870029340
22879122034
22899123824
22879292356
22899554436
22896620320
22879292356
22898769298
22899250088
22899263545
22896323557
22897901334
22879830583
22896141853
22899580806
22899580806
22897678185
22897456379
22896941470
22896843708
22896947068
22899872745
22898923746
22899214544
22899460204
22879972775
22897326678
22896161919
22898512053
22898000593
22899406287
22898361718
22896009208
22898077557
22898880604
22899214544
22897060314
22898275686
22899456688
22897671051
22896241439
22899198777
22897271003
22897926383
22897210551
22898281805
22899190247
22879432054
22897926975
22897271003
22899665994
22879104440
22899902351
22879785962
22879432054
22899348561
22898344721
22879938029
22899084382
22898850625
22898162048
22897592886
22896994868
22898022845
22897584560
22897861501
22896509942
22898533823
22899745122
22879141778
22897601123
22897774799
22899521407
22899076033
22899795966
22898704283
22899558568
22879097047
22879097047
22899747152
22898621518
22897921552
22879172441
22879950606
22896616037
22897210551
22870879641
22879164710
22898022492
22897865695
22896603584
22897394962
22897281743
22879506082
22897207357
22879879139
22899934934
22879172441
22879467144
22879502265
22879506082
22896947068
22897972752
22898279821
22879490242
22897730998
22898956420
22898873420
22879546099
22879297654
22899203052
22899203052
22879978718
22897672124
22879160080
22899795945
22898366147
22879506082
22897292989
22897456379
22897972752
22897031736
22898969756
22879990040
22898650139
22897292989
22897940699
22879294283
22879294283
22879778659
22879250499
22879834641
22879494873
22896981741
22879169594
22879426222
22897678185
22898364172
22879877565
22879268097
22879932245
22879176854
22879503316
22879299722
22870097339
22879695201
22879156393
22879667503
22899012426
22879782547
22879566944
22896260002
22879562010
22878862090
22879593245
22870903830
22870703084
22879462033
22879171141
22899761562
22870115083
22879992660
22897154326
22879562419
22879502709
22879778659
22879465557
22879861959
22870441657
22899230364
22872256086
22879007538
22879494873
22879826750
22896822883
22879819878
22879861959
22892098281
22879868890
22879503316
22879145711
22899960988
22879841877
22879841877
22879972775
22879990677
22879901163
22898281806
22898143389
22896282869
22897154326
22879057028
22871926467
22879839845
22879874879
22872137956
22879877565
22872634905
22879005732
22879941574
22899562622
22879505624
22898923746
22870703070
22879729731
22879901163
22879470370
22897025728
22879126004
22898975987
22896722424
22898206928
22898779693
22879912837
22879912837
22899604688
22899604688
22898153869
22897467041
22898390988
22898156060
22898687699
22898084756
22898390988
22879834641
22879834641
22897191369
22897643050
22879581482
22896248181
22897599993
22879772297
22896170639
22879133174
22898273814
22898227815
22879995382
22897203369
22899427376
22898735501
22898597657
22896521626
22896521626
22879695201
22896923340
22896235762
22898533823
22898736806
22896553890
22890343077
22897795333
22897806205
22896518909
22899425431
22879203011
22879169594
22897021152
22897939294
22896427461
22897856911
22897856911
22898561809
22897200579
22871785264
22896914867
22899153185
22899248801
22899153185
22890450082
22879917191
22897939294
22896918562
22896343526
22897051827
22896471794
22899115931
22898561809
22896343526
22899472245
22897668566
22896343526
22899472245
22897076733
22899810018
22897926975
22898597657
22899854534
22898956141
22879161668
22896471794
22896471794
22896943826
22898735994
22896421194
22898001364
22896222806
22899682223
22879850412
22872152332
22899371127
22898168988
22896431812
22896222806
22898800763
22896401022
22899290736
22899230364
22896206074
22898735994
22898561836
22899492849
22890380558
22899290736
22899638897
22896431812
22879667503
22899190329
22898297002
22898297002
22896944672
22897897354
22896062340
22898366147
22898360059
22897955662
22898225146
22871782770
22898883043
22879074490
22898354753
22879763134
22898785860
22898271108
22898132307
22898692515
22899401796
22899492849
22897759010
22897061808
22899782485
22898035964
22899304151
22898069848
22896431812
22898800151
22898811877
22896200865
22898425302
22897061808
22897061808
22896163732
22899704774
22896944672
22896062340
22898224718
22899593360
22898533823
22899217474
22879483445
22899121637
22897280420
22899090696
22897003262
22897003262
22879129996
22897456123
22897456123
22897377390
22879839845
22899662682
22898713259
22898312088
22898672283
22879325451
22879435965
22879430794
22899401796
22899521407
22897942141
22898047820
22899840205
22898923746
22899840205
22896603846
22899454547
22872352666
22898047820
22899262817
22879674718
22872137956
22896946287
22897271909
22898672283
22896078692
22896847797
22879941574
22899230364
22899186810
22899418087
22899253015
22899253015
22899638897
22897309437
22872689900
22898906134
22898768860
22879478448
22879772690
22898632674
22899516817
22879041131
22872309914
22896540810
22879834641
22898641562
22898168988
22898831636
22897108243
22898641562
22898156060
22898153869
22897271909
22898511018
22898687699
22896876345
22897742680
22896163237
22896163237
22899446859
22899586306
22896649486
22897067339
22898779693
22896102771
22896102771
22896102771
22879054949
22897901334
22897901334
22879266163
22899905145
22899030006
22898511018
22896147833
22897035436
22899864659
22897035436
22896170639
22897831678
22896553890
22896361565
22896121927
22896361565
22896147833
22879287784
22899593360
22898884208
22879651817
22898884208
22896427461
22896755296
22897911443
22896518909
22892417739
22896557294
22896557294
22898239265
22898714112
22896557294
22896147833
22879941574
22897157174
22897051827
22899840205
22879400132
22897240817
22879547026
22879100949
22898063309
22879187325
22896209827
22879861959
22879801518
22899563029
22879995382
22879206021
22878804161
22870101427
22899562473
22899532232
22898286136
22879917191
22879097458
22879506298
22879294477
22879435965
22879164711
22870611360
22879483445
22879744757
22879763134
22879478448
22898152315
22898903454
22870333316
22870600927
22899673796
22897400880
22879842593
22879842593
22879176845
22872362505
22870732735
22879744757
22898556785
22879842970
22879824104
22870983731
22870474118
22872646573
22871231740
22898831335
22897330361
22897786414
22870774625
22898831335
22896911412
22896755296
22879486189
22897154044
22897127815
22898468825
22879483487
22879328079
22896392580
22879206545
22897568926
22896176957
22879578142
22898090092
22896189245
22896711577
22897680001
22897254876
22897254876
22896009165
22897651543
22899835168
22898106303
22879488158
22899310337
22897107951
22897622991
22879055999
22870489442
22898051084
22898051084
22896156740
22898227919
22898051084
22896722424
22899954442
22897748969
22897748969
22879980185
22898925468
22899757170
22898991430
22896720330
22897211602
22899757170
22872538413
22879926408
22899603241
22897792938
22896495991
22898127364
22898090092
22896918562
22897240817
22879722493
22898004813
22896359255
22899442934
22896359255
22898095093
22879842593
22898343270
22899311922
22898679061
22896401292
22897046461
22898774084
22899737114
22896467056
22879096230
22897101211
22896931082
22897031940
22897031940
22897659180
22898439916
22898321780
22898439916
22896661077
22896661077
22899912205
22899110954
22879720742
22897554710
22898363270
22879492206
22899110954
22896920673
22898512053
22897046367
22879922268
22871318651
22898080241
22879843414
22898206136
22898206136
22879164711
22899906765
22899018449
22879005732
22896065533
22898757825
22896387183
22899130909
22899113185
22898600693
22897066664
22897066664
22871345933
22897651543
22898223037
22879453318
22898223037
22879843414
22899781010
22899311905
22898262993
22898223037
22898223037
22899365859
22898774084
22896982297
22899735209
22899105063
22898069848
22899150123
22898704979
22879326997
22899901382
22897282811
22897153804
22898600693
22898338940
22896413369
22896706133
22899196926
22879159740
22879856565
22896062023
22896062262
22896062262
22897090078
22896062023
22898046743
22879856565
22898585240
22899196926
22896899696
22898811877
22899881741
22898671522
22899516817
22898585240
22898224149
22879416019
22897855038
22898757825
22897271101
22898224149
22897346186
22899110954
22896720330
22897046367
22879039902
22898585240
22897186388
22898007439
22879059710
22879285522
22879935130
22879416019
22870764385
22898224149
22879127603
22879110680
22879110680
22879827698
22879984781
22879525057
22879027983
22870424467
22879328079
22898286321
22879664774
22879865608
22879578142
22879488158
22878855971
22879655944
22879059710
22879926408
22870858432
22879631434
22879631434
22879760793
22879288999
22879857976
22897195133
22897675140
22879264290
22879279241
22879492206
22879131186
22879575120
22898243849
22879490427
22879270253
22879130258
22879130351
22879130440
22879571026
22879130765
22879130140
22879130943
22879138202
22879714935
22898246399
22879566944
22879258999
22879258999
22879490063
22879132613
22879132150
22879510028
22879574444
22879132569
22879133599
22879134186
22879134731
22879134792
22879574952
22879270712
22879574952
22879132641
22879134127
22879135228
22879786208
22879668033
22879271859
22879571602
22879572290
22879572703
22879272008
22879714015
22879711131
22879712818
22879292769
22879291755
22879292149
22879292388
22879292088
22879713197
22879292476
22879293306
22879291854
22879292176
22879272008
22879714015
22879712921
22879292149
22879292388
22898245081
22879292613
22879326997
22879465557
22879027238
22879913820
22879508820
22879935130
22879664774
22879843643
22879949010
22879186094
22879790048
22879740135
22879508820
22879628808
22879525057
22879968679
22897259407
22879327170
22879662072
22897910238
22879043751
22879699702
22898281805
22879788752
22879144535
22879144535
22898937962
22878941570
22899403050
22899736995
22897333687
22896114693
22898733619
22898417077
22897771103
22898957325
22879760793
22896908620
22879289074
22879547026
22897783105
22898854728
22879450853
22896198203
22896940932
22897808928
22879264290
22896256970
22899602393
22899602393
22898363270
22899771742
22897353107
22897450224
22896129698
22899039133
22879247447
22896815644
22898345241
22897578991
22899141846
22899913295
22896951433
22879575120
22897739649
22879907474
22899542928
22879983064
22879881699
22897674969
22898035270
22899208222
22879788590
22898989656
22896021852
22898230919
22899146845
22899602393
22879907474
22899150123
22879450518
22899316421
22879791772
22899542928
22899548409
22897916662
22898342600
22898342600
22899591634
22897771103
22899780630
22899553170
22872408992
22899465655
22879692353
22896810064
22899987550
22896726539
22899548755
22879831888
22899248641
22899510913
22899903853
22898347284
22897102095
22897633852
22899490960
22897107951
22898572056
22879701394
22898345241
22896203157
22896203157
22879634443
22899111388
22898344893
22896312999
22897514102
22896087210
22896999200
22896999200
22897282257
22897610583
22898141400
22898804739
22879076559
22879833554
22879076559
22899002218
22899752355
22899541403
22896122379
22899151588
22897436828
22896122379
22897436828
22879701221
22879791772
22879727461
22896999229
22899042887
22879668033
22899042887
22899591041
22899178789
22897619139
22879701394
22897619139
22897103118
22898255639
22899291690
22898455192
22898345189
22879843643
22896741964
22898019500
22896726539
22879966395
22899007849
22896020656
22896359624
22896961635
22899452680
22896530513
22896530513
22899510913
22898264898
22897162235
22899665398
22897162235
22898081540
22879027238
22899228475
22899368019
22896020656
22879881699
22896530513
22899906765
22899541403
22899980779
22896991554
22898250201
22897580923
22896990952
22898252614
22896334440
22897633267
22898835235
22879165108
22896431812
22899573214
22879058191
22897731837
22897633267
22879961085
22899311792
22879927445
22899541403
22899067915
22899771737
22879154954
22897394564
22899980779
22897160294
22879927445
22899989889
22898051516
22898051516
22897158904
22897766990
22879949010
22898733932
22879443830
22879968679
22897162348
22899765166
22897473519
22899459900
22899663469
22897075364
22898640342
22879662072
22879480882
22879856565
22879189183
22879197419
22897684832
22879810804
22879788752
22879969647
22898993284
22879787049
22879668033
22879166100
22879236850
22879166230
22879154954
22879668033
22879668033
22879429270
22896730853
22899980327
22879701570
22899631788
22879441823
22879153925
22896157480
22879239954
22899954442
22896893837
22897600624
22879193044
22879193044
22896893837
22879479953
22879751482
22899771742
22879775177
22879029636
22879671604
22896751088
22896600723
22899662122
22896992389
22897902361
22879507045
22879801499
22879455210
22879455210
22879258404
22879258404
22879249592
22897900573
22879525270
22879480882
22899010735
22879543648
22879415206
22898678961
22896497180
22897434693
22879929952
22879787049
22879063426
22879940498
22879626079
22879034775
22899363601
22879408334
22879408334
22897152482
22879789171
22879035000
22898823733
22879035048
22872601169
22879446789
22896351697
22879467144
22879032131
22879557327
22899472730
22897049236
22896391817
22899958390
22898203087
22899035162
22898077781
22899877232
22879658737
22897917446
22879973925
22897871891
22899827474
22898629023
22897972297
22899275783
22899503833
22896114693
22891345894
22898226138
22897802544
22896595575
22898226138
22897802544
22870090038
22897692686
22899023598
22899035162
22896701334
22897666697
22898710005
22896698473
22879513883
22897733522
22898400626
22898400626
22879992874
22899686996
22896343867
22898960041
22896463709
22899782477
22899009302
22870983731
22896110044
22898084756
22896613603
22899782477
22898191592
22879775177
22879029636
22899906765
22896223520
22899270653
22896624208
22899930995
22896593770
22898629023
22896690667
22896802939
22879003949
22899942297
22897310495
22897108243
22896751548
22897578991
22879805070
22879426673
22879242426
22896038390
22899782477
22879308914
22899782477
22896918959
22879985015
22879495581
22897329433
22899486345
22899106430
22896313158
22879842593
22898476051
22897043306
22879786208
22899482923
22896690676
22896690676
22899781211
22899930995
22897043306
22897545785
22897965269
22897315908
22898186967
22879928962
22879773735
22879436788
22898108667
22896110044
22898393197
22898308636
22896201227
22896032460
22879761630
22879702228
22898471857
22897365897
22899707111
22899270590
22897134666
22896853168
22899276059
22879543648
22898344133
22896142834
22896471760
22879415206
22899248641
22879432019
22879431359
22879431429
22896111919
22898300153
22896203157
22898390656
22898390656
22879634100
22898135631
22898300275
22898300275
22879891553
22898470754
22897360927
22897360927
22898100449
22897051738
22879761379
22898998322
22897051738
22898472174
22899103456
22896858424
22899044376
22879929952
22899043238
22896540509
22897150898
22898342985
22898345510
22879206545
22898350449
22879940498
22897335790
22899240829
22899232131
22879957752
22897687945
22897310145
22897310145
22898640000
22898361718
22896344741
22899886924
22899781211
22896540879
22897266497
22879570795
22896210602
22897438209
22896142834
22897666697
22896506459
22872600186
22896142834
22897716372
22898747669
22879434676
22899699614
22879590983
22879590983
22879760809
22898180436
22879629717
22899681703
22896289352
22899839148
22879640300
22879434845
22879446789
22879935217
22879935217
22879789171
22879467144
22879891553
22879973925
22879467144
22879563770
22879619663
22879928962
22872125503
22879513883
22879327286
22879460906
22879050242
22879686173
22898508016
22879827698
22879684269
22879827698
22898175177
22897646310
22879841531
22879074541
22898941185
22879412348
22879702228
22896975736
22879928962
22879923181
22879492956
22879492956
22879056643
22879061782
22879961964
22898951218
22879161867
22899290372
22899579886
22899666848
22879856084
22879205415
22879967779
22896984866
22879629717
22879141298
22879941704
22879164619
22879814863
22896944673
22879009240
22879010626
22879011177
22879010626
22879683766
22879853626
22879853626
22898185838
22879742773
22879994844
22879994844
22879455210
22898884919
22879597495
22879630243
22879586925
22879406183
22879406183
22879563770
22879104168
22879104977
22896343757
22879658455
22898063309
22892562554
22879597495
22897343082
22896289352
22898957232
22899248641
22899248641
22897373731
22879807673
22899450008
22898242822
22899270590
22896441126
22899045904
22898233004
22898417368
22897328419
22879201221
22896459348
22897183861
22898089954
22896311998
22896191405
22896087116
22879734534
22879042939
22899045904
22897739840
22879658455
22899251835
22899294074
22898206136
22896311998
22898964191
22899523739
22896726539
22897595178
22899751083
22897595178
22899270653
22897595178
22899103456
22896457590
22898296695
22898296695
22899471628
22879043751
22879680289
22879412348
22897015595
22898458810
22898036142
22896311998
22879738114
22899352016
22896008327
22898697341
22897812185
22899481089
22898175177
22898635762
22897663529
22896852935
22898452815
22896893975
22898401990
22879670955
22896330036
22879936585
22898576257
22898014135
22899561537
22879936585
22898401990
22896487108
22879907823
22870894360
22897328697
22899828588
22896000638
22897580955
22898202369
22899141846
22897665143
22896344741
22898202369
22897672124
22899030440
22899353052
22899030440
22896198203
22896311998
22897832434
22896408067
22899568821
22897813123
22899353052
22897110866
22879738114
22899615152
22898476440
22897730998
22897341930
22896389279
22898459912
22897417127
22897366474
22896630340
22870048729
22899779165
22898576257
22879913706
22896312226
22897461718
22899490772
22899490772
22897694315
22897158904
22897111626
22898330939
22898206136
22897731301
22879990994
22897694315
22896480068
22897694315
22899501000
22879164619
22879956959
22879201480
22897410337
22897595178
22899698858
22897595178
22897885887
22879572965
22879688292
22897269481
22870894533
22879412348
22870355669
22879630243
22872436343
22879587641
22879076378
22879574508
22879562110
22879680289
22879828395
22879867649
22898910172
22897162364
22879164619
22896555541
22897597621
22898312625
22897251393
22879208443
22879763134
22879500808
22879802553
22879841534
22879841534
22879807673
22899262529
22879941435
22879480882
22879480882
22898975887
22879848505
22879839605
22879412656
22898223836
22899520474
22879819149
22899571704
22879131802
22879496297
22899810325
22879883306
22879542459
22899775914
22879308914
22879663201
22899571704
22879695118
22879956959
22879513829
22879125014
22879104437
22879501314
22879708241
22879708241
22879208443
22879505846
22879683766
22879005732
22879953902
22899130599
22899850248
22896064966
22879587641
22879048907
22879828395
22879867649
22899522555
22879241930
22879562110
22879400132
22879558026
22879734534
22879400132
22897882267
22879291690
22879509921
22896511218
22879989341
22879781464
22879781464
22899800166
22879485764
22879096527
22879913706
22897361018
22879422397
22879839605
22899347869
22896433931
22896164326
22899792992
22896448567
22896448567
22898659236
22896462993
22897361018
22899424731
22896581365
22898195948
22897953964
22899063389
22899050118
22896232407
22898765505
22897056309
22896257717
22878936558
22897468146
22896666825
22897602889
22899025388
22896830139
22879941435
22897212221
22896432381
22897648547
22896406086
22896793983
22897082759
22899283348
22896504079
22896651339
22897308283
22897353516
22899283450
22897926370
22898438030
22897079297
22899025388
22879064317
22879663201
22898489597
22898825678
22879576759
22897579626
22897926413
22898127777
22897050526
22897050526
22897877423
22898888858
22879525003
22899598546
22896434123
22897050963
22879560479
22897281038
22899923313
22896391011
22879242870
22897006462
22897006462
22897225280
22899007849
22896963290
22896876980
22896876980
22896059646
22897153325
22898965138
22898749526
22897665376
22897352224
22899759509
22879243121
22897131172
22879197380
22879197380
22897817860
22879833767
22879242910
22897012062
22898192765
22896426012
22899790033
22879833767
22898342985
22899015495
22897940539
22898750648
22879820974
22897893013
22898365105
22898834226
22899144478
22896741178
22898839876
22898219760
22896494894
22899294074
22872677763
22897417127
22896070531
22897589287
22896162100
22897098248
22896101705
22896747027
22896162100
22899868429
22896279887
22899318634
22896455262
22897337976
22896164661
22898122718
22899007849
22898213009
22896793983
22879695118
22879131540
22897637437
22899462599
22899482470
22899751083
22898496021
22897666832
22897742519
22898068985
22898366602
22897994587
22896462993
22897739840
22899482470
22899645443
22897450754
22896277727
22896331836
22897166109
22899046731
22897196501
22896425323
22899948320
22899042829
22899277990
22896108557
22898957325
22899798706
22897240147
22899798706
22897953964
22898110339
22879624488
22879708614
22879989341
22879940460
22879603931
22879004773
22879004773
22879836918
22879929387
22896146455
22879281143
22879551343
22879700519
22879943876
22879904094
22879597763
22896365661
22879597763
22879597763
22897904922
22898274000
22897082759
22879904094
22879709262
22879427668
22879709262
22896323625
22879773735
22879825420
22896042850
22879976419
22879162185
22879718024
22879027202
22879703523
22897591558
22879703523
22898552948
22879125014
22897903318
22899211245
22879708614
22879187012
22879818236
22879187012
22879298216
22879836918
22898230386
22879045395
22879253730
22879067645
22879554334
22879408522
22879849744
22879558026
22879984189
22896353478
22879921356
22879871100
22879298152
22879571577
22879755848
22899482266
22898187638
22896713297
22899720481
22897113821
22898233799
22896548199
22899472867
22879592010
22897190861
22879976419
22879838124
22899349755
22898419260
22897675013
22897675013
22899424486
22879838124
22899934999
22899934999
22899663307
22898136641
22898349177
22896872485
22879949083
22899734651
22897778024
22898740838
22898715859
22897402296
22879932736
22898401711
22896390829
22899074804
22899065038
22879427668
22897981572
22879699873
22879390314
22897582008
22898981333
22897677946
22898885111
22897319855
22896264177
22897613768
22899945083
22899248895
22896002729
22896923083
22879264960
22899989922
22897739649
22879825420
22897401481
22896393681
22898177608
22898569594
22896393681
22897433058
22896396583
22896393681
22898073271
22898208992
22896663307
22897457792
22897981572
22896872135
22898990687
22896556502
22898911659
22898574554
22898370294
22897323301
22898769298
22899030998
22896234587
22898098587
22899579886
22899747143
22896754270
22897120611
22896705243
22898233799
22898889480
22897473780
22897113619
22897941505
22898831317
22896036299
22879450636
22879450636
22897193032
22897457792
22879503852
22898450632
22896122145
22896223683
22899825263
22879659817
22896614695
22896396583
22896545798
22899036402
22896496822
22898165379
22899769472
22897810380
22896650969
22896650969
22896996795
22879450729
22899844197
22897770687
22879860278
22898461974
22899204230
22879991238
22896355751
22898194459
22898577206
22897581276
22899979774
22879131783
22899296403
22896258255
22897686972
22897418172
22899790334
22899439290
22899488188
22897706477
22898038669
22897688526
22899079598
22899079598
22898172557
22897248671
22897926370
22898268267
22897495154
22898242822
22898462584
22898572056
22896843307
22899065647
22899580752
22898321915
22896066861
22898743103
22896208858
22898370474
22896319336
22896734510
22897036080
22879295868
22896621107
22879531161
22899333448
22896371877
22879900536
22899570818
22879684595
22899765671
22879708614
22879616751
22879898916
22897713534
22879280872
22879090905
22879684595
22879444215
22879949083
22879444215
22879282435
22879479953
22899970330
22879773119
22879932736
22897919362
22879761346
22899065951
22898842090
22879416011
22879889938
22879144348
22879051355
22898551187
22896632613
22879868713
22898841266
22879182867
22879892282
22879562110
22879864955
22879705164
22879705164
22879705164
22879705164
22879299932
22879144348
22879197374
22879042750
22879801030
22879801030
22879300666
22897354157
22879440470
22879947014
22899318263
22879131540
22896493884
22897872845
22898130866
22896070628
22896428654
22899139785
22897723522
22879141813
22897050526
22896378920
22899298202
22897872845
22899744137
22879696744
22899418087
22897510558
22899439290
22898324587
22879814140
22899935500
22896996795
22899935500
22899883755
22897502403
22897374908
22897374908
22897712841
22898053890
22879917026
22899125727
22896800770
22879442330
22899922257
22897067076
22896480429
22896677646
22879404294
22897453964
22898285511
22897223463
22879889938
22897223463
22899130340
22879862825
22897812099
22897483471
22896400949
22879465233
22899210183
22898392427
22897143427
22879946281
22897627865
22899852063
22898236739
22899488188
22897720485
22896917909
22898140714
22899175051
22899175051
22871609511
22899468813
22896260002
22879868713
22898381132
22898381132
22871230879
22899810482
22898014135
22898164372
22899617594
22897310462
22898473042
22898964428
22896939938
22898053879
22898053879
22879567406
22898663405
22897050526
22897620957
22898949738
22879984446
22899404819
22899311138
22896243055
22879299932
22879299932
22899446796
22898164157
22879907949
22898780399
22898066470
22898780399
22879173422
22898633860
22898146154
22897402000
22879528223
22899981040
22896503986
22897721550
22897187131
22898979175
22897791695
22896054809
22898960691
22897723621
22879024306
22896480068
22898631323
22898631323
22897540631
22898942721
22896932987
22879984446
22899702359
22898250317
22897349329
22898051867
22898942721
22897136278
22897113619
22898051867
22896416111
22897595036
22896472638
22879486207
22897402296
22896805942
22898161094
22898161094
22899444963
22879486207
22899492849
22898631323
22897722554
22896995327
22898194173
22897011222
22899728655
22899728655
22896761147
22871247988
22897803397
22899886468
22897967905
22897352264
22898448938
22897810590
22898426443
22898351630
22879936231
22879804392
22897819392
22897817860
22899637823
22879734534
22898477073
22898477073
22897391778
22879615958
22898662268
22898564297
22898884884
22898662268
22898662268
22896714597
22898564297
22897771798
22898250317
22896571029
22899491549
22898370271
22898139284
22898370271
22899462193
22879594717
22879666805
22897227949
22879943538
22896059646
22879089242
22879862825
22896793088
22879239921
22879174102
22879507836
22896023635
22879102189
22899829453
22896417985
22879891956
22879909382
22879909382
22879757575
22879610072
22897171373
22879402082
22898848014
22899232118
22879966987
22899462193
22879251232
22879594717
22879084790
22899134807
22871720629
22879105493
22879622996
22890220278
22899488188
22897667305
22878975429
22898117530
22899199010
22896244425
22879678497
22898940087
22898931800
22898087599
22879507836
22879678497
22897163523
22896306993
22896405327
22898236260
22899291775
22896111487
22879157096
22899278034
22899278034
22899843096
22879116684
22879116684
22898791752
22896253846
22879471728
22899494523
22898340694
22897500209
22897382537
22897664047
22897382537
22897382537
22897872544
22879737727
22898631323
22899159601
22899851561
22879674023
22899190308
22879067645
22898413976
22879674023
22879514416
22899199010
22898946224
22896709906
22898299751
22899097206
22896902243
22897952814
22898030838
22879937527
22899343837
22898468214
22898951209
22897894763
22897115853
22897500209
22897185593
22879443950
22897500209
22898487847
22897732124
22899100881
22898020702
22879148217
22898119798
22899730206
22897732124
22899852436
22899690644
22899690644
22896261853
22879402082
22899672623
22879669525
22899733903
22897439432
22879471090
22896843104
22898167431
22879141775
22899232118
22897562864
22897562864
22899532385
22898126329
22897419183
22879578154
22899532385
22879817517
22898185967
22899731538
22899731538
22899321990
22897493443
22896244474
22897566160
22897712590
22899518834
22898375712
22899480538
22898618502
22896305102
22899013594
22899326512
22879471090
22871740694
22899352386
22896261713
22898652776
22879676276
22899774155
22898949738
22897364120
22896131719
22872625969
22897364120
22897364120
22898331281
22899477989
22879711383
22897240987
22897240987
22897581605
22897058106
22896638187
22871320451
22899477989
22897303734
22897359497
22896860922
22897490536
22879895835
22899202596
22879895835
22899673382
22897421050
22879103212
22898487847
22898648525
22897952532
22897144277
22897952532
22896504571
22899071523
22896374591
22897969514
22879958880
22898117530
22896306993
22898931800
22897796860
22879074123
22879074123
22899967704
22879197374
22879699038
22879952895
22879952895
22879634100
22879737727
22898834285
22879150383
22896907511
22879469222
22896207711
22879917191
22879132177
22879887108
22879503825
22899290875
22879485799
22879634656
22898964428
22872574460
22897083371
22899471523
22896678629
22879055999
22897419183
22897212221
22879640457
22899100111
22898346483
22898346483
22898350341
22896728465
22879907070
22897791968
22879240832
22899221555
22897413899
22878860217
22897413899
22896772666
22879144454
22898409845
22896640903
22896595019
22896902311
22898349643
22898344837
22898237853
22879280788
22896023354
22899199292
22899775776
22899071336
22896360388
22879654868
22898343295
22897725106
22897613900
22896158113
22896372666
22879584168
22896752330
22879530263
22899637823
22896603790
22896023354
22879692020
22879692020
22898097258
22896101323
22898598300
22896146812
22898442937
22897672786
22898234895
22898897304
22897588501
22896752330
22897826573
22898496190
22898428611
22897209653
22879485799
22897345051
22899127730
22896342481
22896789777
22897055936
22896843307
22897015170
22897015170
22898442937
22896003557
22898680330
22896343867
22899580401
22898031397
22879958880
22896728465
22897207873
22879907070
22899764382
22879503825
22899214883
22879287243
22897791968
22898321767
22899248097
22896550607
22898636375
22898488755
22897717316
22879717701
22879803016
22879177850
22879153925
22899778085
22879910409
22879803016
22879924548
22879949083
22879236843
22879236843
22879426222
22879426222
22879628467
22879756516
22879670954
22879676188
22879898509
22879543769
22879441496
22879718987
22898380298
22872504964
22897280058
22899440711
22899440711
22897259825
22899845500
22879710692
22879784542
22896104439
22899449791
22899349907
22896669224
22897477900
22893909913
22898343778
22899000882
22898781104
22896127428
22870836871
22896480541
22898457876
22896265014
22898468223
22879414737
22896563683
22897280213
22896537569
22898644206
22879414737
22879177850
22899133233
22879122034
22879040290
22899553339
22879122034
22897905380
22898236260
22897748080
22897280212
22896564129
22899476154
22899527659
22897726707
22896184402
22898748175
22879021924
22897468115
22898001413
22896490552
22899497698
22896321700
22879200291
22897211270
22898405660
22896105989
22897015170
22899945083
22898925637
22899557512
22896073818
22899737114
22879272845
22899214883
22896130665
22898435322
22898642531
22896596775
22898642531
22897805421
22898754542
22879756516
22879559490
22879764978
22898977584
22897741373
22898105639
22897220162
22897190721
22896135123
22879887108
22897629797
22897529737
22897211270
22896501850
22897103447
22899699031
22899743534
22898758438
22879898509
22896596775
22897477530
22897687540
22899734093
22897427883
22879676188
22899845500
22896817222
22898522408
22879543769
22896898835
22879929255
22898920399
22879784542
22879417611
22879559490
22899632083
22899222222
22897668701
22879527130
22879710360
22879948096
22896251622
22879525221
22898855873
22896970565
22897509855
22879526190
22896709906
22879526382
22896188391
22879868713
22898667653
22899108912
22896121169
22897477530
22897251250
22899285122
22899913281
22897041051
22896072454
22896556465
22897759733
22898434495
22898294025
22898154210
22897208225
22899075554
22896878718
22897051272
22899190221
22898105639
22898522408
22899190221
22897019941
22898801012
22899639121
22897050642
22898086101
22898758438
22897409131
22896354706
22897745222
22896201218
22897160982
22879417611
22898124845
22898316406
22898454981
22896096454
22896865740
22899605479
22898366602
22896211464
22898309028
22896212738
22898467767
22899009968
22897989364
22897908613
22897066521
22897765290
22897473719
22897157174
22896107745
22879124231
22879507059
22899556795
22898976183
22899492939
22896471115
22897204914
22879696624
22897307362
22899894506
22897153172
22896212738
22899821790
22879506004
22896562062
22899565500
22897818795
22879546695
22898377845
22896354706
22898631505
22897848135
22879948096
22879993595
22879995666
22879560372
22879516461
22879202561
22898367294
22879614699
22879462450
22899814023
22879705920
22879614699
22879456833
22879705920
22879456833
22879097932
22879507059
22879299190
22879546695
22879995666
22879902502
22897006002
22879696624
22879993595
22879543769
22879780080
22898851180
22879749717
22896600458
22879172250
22878941524
22898175273
22898166298
22879516461
22898657770
22898571695
22898403878
22898332770
22872631255
22896309687
22898418841
22898564035
22896943939
22897989376
22896856840
22898907698
22896744102
22898022904
22896684869
22879586939
22896084031
22899155802
22899685925
22899472737
22896585536
22896117967
22879685427
22898931800
22898660697
22898762370
22898166298
22897335691
22899834125
22897066905
22899152457
22899239198
22879684018
22899759509
22878964922
22899766976
22879817358
22899634853
22898973711
22896606864
22879205373
22898907698
22897149511
22896701226
22896834206
22899685925
22879586939
22898319666
22898012165
22898022904
22899704130
22899878633
22898600488
22898573443
22898463809
22896724208
22899678437
22896591104
22896601839
22879681836
22896668332
22897446833
22899850795
22896570388
22896075858
22897405841
22896620224
22896461208
22898694951
22897735089
22898543774
22879097932
22898198739
22896838988
22896400616
22879299190
22879172441
22899583922
22879172441
22897283796
22896893053
22897946812
22879299190
22898319666
22898523487
22897335691
22896288886
22898601750
22896203343
22899546233
22896054927
22879586822
22897387544
22896342367
22896366291
22898001413
22879817358
22899786433
22896888198
22897819324
22897916371
22899878633
22899762730
22899494943
22898899711
22899544144
22899629260
22899562986
22899767683
22897006002
22899629260
22879749717
22898070733
22898868944
22899632312
22899047053
22898216804
22899194444
22879111528
22899683053
22899007874
22899007874
22897068596
22899007874
22898309088
22898762370
22899672814
22899007874
22899738852
22879846415
22896908620
22896763014
22898479778
22897612779
22898933216
22896309687
22896569476
22899672814
22899699614
22898855873
22896744102
22896216921
22898684636
22898855873
22899834125
22899808521
22896677646
22896947713
22899239198
22896530396
22898710669
22899899352
22897370921
22898600488
22897574536
22898098363
22899643824
22898882992
22896888743
22896408067
22898973711
22879811724
22899786653
22897545785
22899443346
22897886689
22879691072
22896615995
22899347246
22899670401
22898045426
22899738852
22879634079
22899420173
22879563100
22879731705
22897462336
22897897204
22897233158
22896103297
22898672404
22897707916
22896728111
22898541746
22899442734
22899819675
22898868202
22897559662
22899143669
22898878405
22899492579
22899437339
22899475085
22899699646
22898479778
22879876202
22899454103
22899856450
22899438798
22899628292
22899786653
22879876202
22898098363
22898045426
22898899711
22879740905
22899498583
22898684636
22899140780
22899442734
22898868202
22899347246
22898882992
22896728111
22899475085
22899117565
22899054442
22898878405
22896713682
22879713590
22898946790
22899282539
22896001187
22899840300
22879079693
22898737874
22897783105
22898088571
22897193032
22879908193
22899638791
22896948902
22896390527
22897103118
22896534655
22898713588
22898049090
22896070374
22896534655
22898203087
22898813459
22898291420
22898524697
22879502536
22898732614
22899033676
22898356510
22897795403
22898483276
22896809072
22898731766
22879695083
22897395816
22879876202
22898579288
22896570388
22879634079
22897470868
22898751549
22897939614
22899535237
22899797464
22898381139
22898952007
22899080574
22899161108
22896188391
22898252488
22898973711
22896124020
22898759175
22897609119
22899907813
22898088571
22897633852
22898946790
22899270150
22899958361
22897167986
22898913117
22896419924
22897983356
22899551881
22899734538
22879144681
22879466025
22898211694
22896419924
22897000926
22897717069
22897148788
22898085365
22897983356
22897876616
22896760793
22872529329
22898839876
22898211694
22898385744
22896908620
22898850345
22898952007
22899355082
22898159481
22896908620
22899582214
22899186254
22897596912
22899801000
22898947509
22898354133
22879951493
22898608485
22898814345
22898380870
22898748842
22898561837
22898605827
22899502375
22897758746
22899544144
22899949287
22898154531
22879790440
22899338000
22879898516
22899044954
22897146137
22898824631
22897558596
22899642071
22899849307
22897567846
22879807196
22898208992
22898971083
22897725541
22879001195
22898036392
22897062303
22897062303
22898051700
22896684662
22898449249
22897926383
22898367277
22896189735
22899731085
22899327517
22897758746
22879551568
22897660130
22899469403
22879827569
22879681379
22896773117
22896610393
22896923340
22899698858
22897001963
22878961177
22897146137
22898735500
22899171095
22897612624
22897947387
22897855538
22899727385
22898598863
22896208858
22897123048
22879806995
22896822883
22898216307
22879734801
22899866953
22898461974
22896491868
22897754987
22896061055
22897402961
22879466025
22879551568
22879300666
22879984446
22898727299
22898712859
22899063389
22879081784
22897064338
22897644875
22898001190
22879694726
22899062358
22899062358
22897060060
22897060171
22898360330
22898567403
22899583922
22897740455
22896164326
22899146752
22898466016
22897513133
22897513133
22897046648
22897640406
22898748842
22898006068
22879503681
22899060194
22899265575
22898560196
22897061307
22897061307
22879183053
22899581309
22899581306
22898395768
22896160708
22896160239
22899581845
22897741877
22897060131
22899582463
22898360282
22899297185
22899142558
22899141752
22899141285
22899639258
22897717069
22898446960
22899475085
22896956611
22896709624
22899459171
22897995226
22897063636
22897000494
22899261455
22879663146
22899822398
22879266198
22878844867
22879809979
22896654789
22897605259
22897803494
22896434123
22897184697
22879978526
22897690207
22896089419
22896089907
22879963924
22898216307
22896998605
22896511498
22898214508
22899737399
22879950871
22899920101
22898029560
22879857575
22898605335
22896653388
22879802864
22898671522
22879262549
22879262783
22879264569
22879264569
22896089419
22898608485
22896651691
22897767688
22897857813
22879066182
22896748022
22899502375
22899727385
22897743463
22879940528
22898411373
22896089419
22879807212
22899374279
22896089419
22897735459
22879045552
22898213180
22899018132
22897993432
22897984818
22898970457
22898530256
22898022904
22897994443
22899536242
22879045552
22896682585
22899201740
22897993432
22897994443
22896991513
22899441830
22897145698
22898779147
22896394997
22897636271
22896250592
22898412088
22879564678
22879940754
22898412552
22897949959
22898369235
22879151091
22879923418
22897414647
22897414647
22899616683
22898629908
22899786653
22896390487
22897630778
22896058274
22898857944
22896649093
22898300258
22878991791
22897905380
22896324650
22898269085
22897086063
22897632072
22899962156
22897995972
22898848496
22899423884
22899866953
22879973467
22899916961
22897011105
22897528811
22896956930
22899330119
22898937851
22899632304
22899855836
22898177797
22899242879
22879971371
22896981097
22897612624
22899632304
22899242879
22898411255
22899290094
22898726540
22879582177
22899140064
22899031768
22871049154
22879544579
22899031768
22879541400
22879623414
22879148217
22879623414
22879713631
22879923418
22879708614
22897155312
22879132908
22879968974
22879820076
22879593245
22879804834
22879721482
22879006173
22879634656
22879591158
22879590802
22879800191
22879593482
22879721248
22879593482
22879721598
22879721838
22879721838
22879806110
22879590864
22879001205
22896672978
22879478783
22879857575
22899801000
22879856144
22879828150
22879000445
22879735322
22879637013
22899154027
22879713815
22879859941
22872571220
22898232376
22879973467
22893377556
22879968974
22892041250
22897795731
22897022432
22896628557
22879933452
22898029560
22896806956
22897111234
22899222493
22899222493
22879933452
22899317232
22898954060
22879545032
22899154796
22872120737
22896671561
22899042399
22898882992
22879525892
22896089907
22897656844
22898455843
22899477989
22899459171
22898780299
22879637013
22898251122
22898339959
22897616445
22899477989
22897529815
22899716072
22897006791
22879826259
22897006791
22898345768
22898447503
22897631443
22879918315
22899638116
22879040167
22879027202
22896347789
22897374669
22898882992
22899450342
22899977498
22879826259
22898393197
22897071572
22897330000
22879918989
22899100500
22899130023
22879140965
22896058274
22879931875
22899007638
22898206950
22898088258
22899295252
22899350625
22899657310
22896239346
22897633800
22899784259
22897621579
22897167986
22899471628
22896694113
22898966616
22897112008
22899783640
22899253963
22897167986
22879147711
22899783648
22897576316
22898401226
22897633800
22898649755
22879541600
22899610968
22897588349
22879561344
22896012133
22898337164
22898629908
22896936303
22896707434
22879968596
22897499287
22898401226
22898823540
22897206951
22879010041
22896989976
22879852584
22899450111
22896387148
22899077199
22899354645
22896411958
22898857944
22896239346
22899000372
22896936303
22899371819
22899694499
22897023883
22898127265
22896039670
22879535577
22896166262
22879138156
22898575323
22879585321
22898065199
22897451931
22879478783
22899582808
22879739056
22896234363
22899306061
22897804444
22898353887
22899786473
22897491528
22899913281
22897072282
22898872825
22879503150
22899461809
22898189929
22896171943
22898969593
22898206950
22896114045
22898875416
22898872825
22896171943
22899132543
22898461883
22879859941
22897263661
22896223520
22898482046
22896411958
22897662761
22899639620
22897489893
22897451101
22879541634
22897181680
22893377556
22897666768
22879525892
22898972036
22879918315
22879691014
22879983097
22879918989
22897397389
22879147711
22899806484
22879581445
22879852584
22879696744
22896732379
22897163246
22898751549
22897462208
22898908509
22898244309
22899596571
22897614014
22896752869
22897637366
22879535577
22898884168
22879178843
22879888498
22897236215
22899334219
22897689757
22896752869
22897350975
22899262296
22897654739
22879044818
22898117605
22898588137
22899806484
22899765828
22898854514
22896902939
22897759521
22879985496
22879985496
22897555414
22879060690
22879886866
22879497416
22896948132
22879301740
22896902939
22897330000
22879622199
22899365943
22898678113
22897654739
22899931564
22896173287
22879633560
22896974898
22899483086
22896029918
22898431367
22899859564
22899881019
22896948132
22879490427
22897244639
22899565624
22897244639
22896400883
22899593080
22899957363
22879060690
22879781079
22896791110
22879044818
22896881574
22899910524
22896438912
22897385786
22896566515
22896023230
22898353887
22897883780
22879930442
22897606148
22899479615
22899919288
22899479615
22879770730
22896451800
22878903462
22896160808
22897380030
22879461183
22879043246
22879902315
22879043246
22896791110
22899148486
22896297089
22898414519
22897163030
22879078114
22879902315
22897163030
22896241450
22897330000
22896031795
22879871760
22879404831
22896752111
22896171086
22879427071
22879840368
22879980774
22879160592
22897086552
22896565148
22896687353
22879551179
22879043246
22898858184
22879507836
22897571010
22897903593
22899729366
22879781079
22879871760
22896622121
22899090788
22879820220
22896622121
22896846930
22899047053
22897086552
22897170672
22896430994
22897473564
22897170672
22879871760
22879142656
22896344097
22897421050
22879287765
22879006883
22896622121
22896634758
22879921712
22896243923
22879930442
22899047053
22899223747
22879921712
22879890576
22879089912
22896982720
22879890576
22897553720
22879692582
22879692582
22899543286
22879055703
22897343617
22899333448
22879701943
22897065582
22878953108
22879561862
22896040997
22879873649
22879529321
22879415953
22879841311
22879408253
22879715096
22879848417
22879622579
22879632979
22879494157
22896163182
22879968410
22898473378
22897902236
22879622579
22879621964
22879848417
22879551179
22879000603
22879568702
22879485859
22898912337
22879105180
22879754279
22879197351
22879066182
22879140438
22899860216
22879660938
22879908463
22879160522
22879754279
22879269533
22879935639
22899622850
22879935905
22899470899
22879856144
22899795609
22879569643
22879973454
22879567453
22879880070
22879878301
22897563294
22879164818
22879762610
22879513903
22879762680
22897553720
22879780403
22899548805
22896816340
22896463305
22879809722
22899226247
22897215226
22899523274
22896596601
22879660938
22879997062
22896992369
22898944136
22897261489
22897981109
22897853174
22897852026
22899317162
22898862835
22899705963
22879871760
22897251679
22879939365
22896243499
22896799673
22896005636
22897167425
22899969869
22898329885
22898231275
22896617366
22897011030
22897011030
22879778706
22879778706
22899649101
22897011153
22899347132
22879753423
22896460119
22897295182
22898296680
22899855331
22899811041
22897463381
22879754279
22897723805
22879824311
22896491176
22898207687
22899328702
22899044419
22899181712
22899487889
22899181712
22879842593
22879535570
22879735775
22897946812
22897396479
22898584811
22899367410
22899855331
22879662073
22896721845
22897528217
22897044689
22899405792
22879579829
22879502221
22897725208
22879408253
22899190447
22897614014
22899046607
22899334380
22897964241
22879461183
22899423979
22899323267
22899641836
22879761240
22899323267
22899452422
22879761240
22879173422
22897576711
22898265704
22898656660
22899044419
22899557512
22898440811
22899363918
22899363918
22897553720
22899245509
22899554648
22897699645
22897140491
22879058787
22897636591
22879818074
22897403081
22897258815
22899461383
22897258815
22896441515
22896392982
22896351195
22879818426
22879947256
22879013820
22879013820
22879848417
22899751100
22879444979
22879060261
22879568702
22898161614
22879243204
22879780403
22879432828
22879193124
22879962292
22879908463
22879294849
22879567453
22896216360
22896848282
22879455231
22879529321
22879822409
22879982636
22879878301
22879432828
22879809722
22879455231
22879250455
22879997062
22879760086
22879107382
22897398466
22899334228
22899557989
22879947256
22879753423
22879037415
22879401585
22879751831
22879482701
22879579829
22879535570
22879676708
22879881033
22879971800
22879847674
22879968203
22879020022
22879277817
22879947256
22879719971
22879676708
22879040702
22896485154
22879755976
22879263663
22879841241
22879982230
22879030180
22896620523
22879268097
22879610407
22879692582
22879482736
22879760086
22879841903
22896078289
22879914219
22897492024
22879939365
22899947759
22879241615
22879785832
22879801029
22879420767
22899954769
22896303696
22897240346
22896033648
22899326337
22896002601
22896113410
22896434123
22870917876
22896495111
22897292939
22896007577
22897428048
22896140032
22896277855
22897968022
22899577756
22872365413
22896802922
22899577756
22872596476
22897130696
22879870284
22879037415
22897884674
22879971800
22896332377
22896762747
22897850440
22897826461
22898851480
22897874858
22897645105
22897078323
22898391444
22879166824
22896922023
22899410993
22899117329
22896890746
22899308928
22899273607
22899819407
22897597533
22897602190
22899155762
22899410993
22879848417
22899547757
22897780343
22899491226
22896066452
22879848417
22899867054
22879785832
22897647491
22899779010
22897603493
22896099981
22896059859
22896099981
22879881033
22896947909
22899536888
22899328533
22897533158
22879829786
22899866953
22897272160
22896650929
22896200195
22897026307
22899294686
22897837991
22899326337
22899204230
22896354757
22897065943
22897976885
22896949723
22899797196
22898429019
22879761908
22898429019
22896179518
22896120994
22898932901
22879750199
22897240147
22896889392
22896200314
22899260546
22896889392
22898696619
22896620523
22896080280
22896367454
22896033648
22898343600
22898926439
22879096725
22897524047
22899151215
22896648313
22879719971
22899317162
22899090711
22896440637
22897822558
22896695969
22897244190
22879424776
22879725851
22896595375
22899106590
22899662034
22896141046
22897589669
22896320427
22898365473
22896699037
22899538939
22899345026
22898791846
22897566329
22898365473
22879444082
22898682019
22896865433
22896440255
22879676708
22896798336
22879820733
22899461542
22879806585
22879788491
22896534931
22899728455
22898240023
22896334240
22898500519
22897890073
22898237266
22896386491
22897154941
22897138356
22898367277
22899700756
22896336828
22879862914
22897077619
22879680289
22897461646
22879725851
22879671604
22898423080
22879240841
22879159958
22879790261
22879330219
22899445583
22879514240
22897480754
22879408334
22897034180
22879750366
22899317786
22897479429
22879914219
22879430123
22879058190
22879958880
22879830512
22879652754
22897367112
22879668972
22879408334
22879599578
22879880033
22879287765
22879682121
22879287602
22879631595
22879325389
22879938737
22879829786
22879137960
22879022160
22879720869
22879677303
22879821801
22879424776
22879309388
22879821801
22897949742
22899816229
22879489611
22879203787
22879203787
22879805111
22899633489
22897384433
22897662930
22879805111
22879276262
22896133953
22879514240
22879755976
22879971800
22879003606
22879429341
22897830483
22879003606
22879264290
22879866100
22879162946
22879880033
22879668972
22879721397
22879728454
22879072277
22899732829
22879805111
22898281683
22897649265
22897130301
22899444462
22896251083
22897839565
22879652754
22898652527
22898460103
22896917663
22897461646
22897369967
22898096061
22879693883
22899858244
22879864092
22897724726
22899005061
22899456581
22896140032
22896634290
22897492024
22897981941
22897914354
22897154157
22899536245
22898538867
22899005061
22879674327
22898270352
22896394692
22899536245
22897093278
22879329294
22879693883
22898689398
22879003509
22897429583
22879864092
22899248824
22879728454
22897474946
22896342504
22898449253
22897365785
22899404415
22896175612
22899244226
22896329415
22899575826
22897154157
22899285252
22898582660
22879750930
22879120514
22896536539
22879120514
22899500313
22896251236
22896032405
22897756894
22897420145
22879703593
22899054442
22898411458
22897657465
22898778036
22896931381
22879065373
22899716484
22896415151
22897995978
22899058274
22896479896
22897759273
22897724726
22896889115
22879820107
22896726133
22899706266
22899070447
22899646685
22899650006
22879240131
22898336786
22896331734
22879598979
22897012559
22897176948
22879240131
22898228437
22896368752
22879820107
22899066287
22897240147
22879842604
22879309388
22897854870
22879491268
22879684358
22879489611
22898989433
22897155337
22879860938
22897540834
22879018379
22899707111
22899974182
22899767711
22896521547
22898428681
22896948767
22896209968
22897309167
22879902423
22897662930
22899697399
22899404358
22879904146
22899502490
22879459091
22879459091
22899453277
22899641070
22897342481
22899913756
22897975705
22899159297
22896488889
22879282767
22879420164
22897092243
22897101099
22896940541
22899684702
22897474946
22899315200
22897448435
22899316732
22879704849
22896090250
22896320427
22879297219
22896320427
22899674381
22896407987
22897303644
22899464638
22899758894
22896889392
22896840605
22899189298
22896209968
22897503257
22899879696
22896446055
22899117329
22899029292
22898366602
22879684358
22896566072
22896574657
22879459091
22896130063
22879022801
22896130063
22896045813
22897620719
22879287995
22896910404
22899913756
22899542899
22897916380
22896012608
22898772597
22896679027
22899680356
22899680356
22899471628
22897132066
22898678384
22896446809
22879717095
22879491268
22896882456
22899250796
22897501026
22899070842
22896827161
22896703488
22897128020
22879542936
22898412438
22897729076
22896889392
22896658772
22896824509
22897389772
22896260729
22896320683
22879741615
22896269935
22897657465
22879599578
22899491362
22879326212
22899491362
22896685256
22897528360
22899938321
22879451430
22896488889
22879451430
22879277817
22899082513
22896944005
22879326212
22897145523
22896095802
22899884768
22897324035
22879866100
22896507023
22896654189
22899630948
22898799270
22899857977
22897079988
22896686324
22897649265
22897703430
22899044371
22896663644
22879886866
22879179337
22879179337
22899797838
22879003509
22879980185
22879717095
22879134783
22879697922
22879675718
22879605715
22879193114
22879132888
22879683766
22879440921
22899070447
22897077619
22897167854
22879683766
22879598979
22879266569
22879904146
22879329294
22879488730
22899262834
22879750930
22879582482
22879582482
22879058190
22879717085
22879003509
22899887237
22898251736
22898853577
22879246174
22879402122
22899655272
22879246174
22879036861
22879764153
22879044950
22879946606
22879563212
22879081784
22879665280
22879459091
22899941104
22897710584
22879697922
22899034056
22896355340
22899769494
22879651471
22879841102
22899081826
22899856776
22896040879
22897545785
22879995819
22896935641
22896728788
22879605715
22897811395
22879559122
22897545785
22897395816
22897216620
22899585064
22897099322
22899741182
22897919850
22897153035
22896019277
22897398455
22896851960
22899980861
22899154045
22897948869
22896886209
22879167374
22879270057
22878957390
22879568584
22899285122
22896454473
22897108243
22878936558
22897067515
22897037294
22896668893
22897914354
22879022451
22896338129
22896329971
22897426715
22896041052
22896041052
22896186951
22899770078
22897460218
22899044733
22898493494
22899075370
22899423939
22897005700
22896765027
22897884305
22897365785
22899086622
22898387925
22896025760
22896654189
22896926203
22897565542
22898800061
22879488730
22897720011
22897968382
22896663644
22879830658
22897767585
22898530316
22897502768
22879167976
22899284027
22896427461
22899015692
22899547757
22899429938
22899835211
22896931375
22896923337
22896914862
22896931615
22896993945
22896914865
22896947303
22896338129
22897528522
22896940211
22896933792
22899839148
22899230955
22896397158
22896933129
22896602842
22896923667
22899354200
22897315544
22896986989
22896028071
22899354200
22896097842
22896955417
22896992369
22896417820
22896960890
22896915587
22878993957
22897789885
22896970187
22899878081
22896306870
22899490344
22896914796
22898493494
22897767688
22896851960
22899878829
22899134009
22896913908
22896927413
22896924281
22899696486
22896930172
22896964145
22897786593
22896932642
22896602842
22896931826
22899950621
22896932829
22898198154
22896950281
22896917370
22896330426
22879890420
22896983873
22896983112
22898805664
22896915796
22896938207
22896915900
22896073041
22896994455
22898175751
22896938791
22879926161
22896282556
22896978830
22898824432
22896994455
22896985752
22897515144
22896471115
22896942571
22899447939
22872311355
22898803869
22897257523
22896940855
22897648029
22899580401
22899156601
22896933695
22898720074
22898228998
22897911100
22899891746
22899203813
22897449501
22896966375
22897449501
22899889149
22896950375
22896944823
22896961956
22898149398
22896138378
22896970209
22899741182
22898805664
22896921521
22896932926
22898876226
22897994210
22897994210
22899819675
22896930976
22899772914
22896765027
22896937606
22896931732
22896964310
22879016780
22897293463
22896305789
22897309039
22897309039
22897291636
22897787952
22879481101
22899067506
22896321328
22899819675
22897293463
22898538867
22898307094
22899831345
22879946606
22897213409
22879574641
22879935804
22879826695
22879900383
22899110013
22879890420
22879481101
22899513629
22879930895
22879700539
22879880070
22879547829
22879149719
22896900961
22899780092
22899700898
22879916030
22879853924
22879022451
22879839508
22879879795
22879176399
22879123784
22879434491
22879123784
22879465329
22879706294
22879040951
22879276157
22879574641
22879518555
22879706294
22879930895
22879879795
22879000603
22899103034
22879500257
22899589217
22899310214
22899156939
22898698591
22899019067
22872597389
22897466722
22872152018
22896569664
22879810834
22899834800
22897219992
22897367128
22878939147
22899156939
22897083371
22899536439
22879983079
22897034608
22896507023
22898926835
22899213854
22898729257
22879967757
22879128367
22896709540
22899509630
22896877747
22897765235
22898741203
22899408181
22898299927
22879420202
22896705536
22898511449
22898511449
22879296216
22879296216
22897562756
22897562756
22897668665
22896545919
22879660124
22879932918
22899287662
22896132300
22897918963
22899051244
22897919850
22897644007
22896012340
22896012340
22897357362
22899472018
22896481664
22896121470
22896121470
22896802922
22896834206
22896992503
22896652626
22899472018
22896006745
22879967757
22897017140
22898334580
22897741252
22898228437
22897181480
22896355686
22897730998
22899919356
22899535388
22897583711
22879485053
22898346447
22898678283
22896463615
22897464519
22879839508
22897389772
22896124874
22879129331
22897085076
22896693583
22899165279
22896658772
22899552468
22879911777
22896652626
22899408181
22897732397
22879910475
22896481664
22896928111
22897295306
22896127361
22897085076
22899076784
22897636271
22899614334
22899225680
22896703890
22898728985
22896267753
22879832340
22897636271
22896357857
22896703890
22899050633
22899520171
22879729200
22898044163
22897922317
22896006745
22896391222
22897959049
22896668332
22898309910
22899932984
22898131127
22879571308
22896625916
22896224726
22898131127
22898503068
22898307094
22899301916
22898446861
22896111616
22896859764
22899174816
22899301916
22898379149
22897418883
22899005214
22896848282
22897685628
22896060926
22896585180
22899488310
22898503068
22897761399
22896848282
22896022168
22898499590
22899130330
22879568182
22896198187
22879997312
22897338143
22896304494
22897918702
22897201455
22879834040
22898351234
22897378589
22897843019
22896120009
22899368019
22898351234
22879774041
22899301968
22896824208
22897861088
22879940087
22899584122
22899758894
22896411889
22896211396
22898503068
22899932984
22897559424
22899271737
22897603117
22879538203
22879766706
22879607224
22897939157
22879802406
22897067989
22879762358
22898335316
22879762358
22899450184
22879295701
22879837985
22879913618
22879766706
22879661565
22879802406
22896509589
22879661565
22879640459
22899465870
22899450184
22879654411
22879292536
22879710692
22879104440
22896337685
22879999907
22879417493
22879871142
22879892464
22879005732
22879622233
22879729200
22879586478
22879465329
22879468076
22879969667
22879757575
22879055115
22879611234
22879772690
22879538203
22879871142
22879104977
22879926664
22897944976
22879050552
22879200468
22879200468
22879193621
22879138697
22879625871
22879625871
22879407396
22879913618
22872480266
22896081425
22879819878
22898683823
22879802406
22896406240
22899959533
22899568463
22896658888
22896991111
22898755532
22898497630
22898281629
22899499833
22899158863
22879880497
22898342280
22896882233
22899407080
22899744484
22899454814
22896938207
22896922024
22896917370
22879046751
22879859099
22896882233
22896413960
22879568584
22879467461
22898593679
22899434223
22899582808
22899159297
22899774265
22899901306
22896066495
22897851208
22896994660
22896966375
22896347808
22896945681
22896267272
22899823251
22896801131
22899492202
22896945223
22899665257
22896983493
22896949841
22896734193
22896734193
22896734193
22896996280
22879931957
22896967091
22897085196
22879999907
22896201588
22896979963
22899940555
22897529692
22896342504
22879654411
22899340314
22896994694
22898924716
22899005639
22897488247
22896963593
22896994461
22879240347
22896984484
22897051396
22896917819
22896104955
22896086903
22879417493
22896969618
22899408968
22897786593
22899005639
22896326836
22879193621
22899273511
22899368072
22898653346
22897850358
22872670205
22899516504
22899246850
22879880497
22897109233
22879892464
22879209504
22879635153
22879209504
22899774629
22896798089
22898132055
22879568584
22897182740
22896964309
22896964309
22879552763
22896007369
22897899896
22899452711
22899452711
22879402923
22879904146
22899130011
22879059736
22898087344
22896543606
22898472191
22899606690
22897762558
22897184697
22897926370
22897212313
22899494662
22899971003
22896377568
22896879846
22896142694
22898600738
22898571752
22896753586
22899404658
22897053795
22897548021
22899367420
22896283893
22897647299
22896689540
22899115887
22898033681
22899173334
22896086903
22899365151
22897441116
22879036861
22899225680
22897049518
22897916371
22899666929
22899113451
22898751221
22898989836
22897456909
22896882233
22899328533
22896878770
22897157103
22898420072
22898989836
22899262296
22879133252
22896631307
22879402923
22879999520
22896508366
22897015017
22897783978
22897440052
22898338898
22898701726
22879128367
22897697203
22879666318
22898387925
22897142740
22879969667
22897943630
22896226580
22896585073
22897731305
22897858421
22896584211
22899198407
22879666318
22897697203
22897827584
22879944290
22898281683
22896175618
22872208805
22879468076
22899018132
22896414915
22896863133
22896350258
22899491226
22897742260
22896326836
22899757790
22899457686
22899456614
22896588414
22896114693
22897146027
22897148029
22896487077
22897169147
22897884305
22896347789
22896177178
22899248664
22896839031
22896307888
22896414915
22898874895
22899713165
22898678283
22896326995
22896677768
22899136421
22897968053
22897008739
22897484859
22896435571
22879096725
22879096725
22879667503
22879799222
22879194786
22879518583
22879634000
22899896430
22879198916
22879788486
22879732352
22879732352
22879961273
22879884469
22899492529
22879615683
22879620770
22879485200
22879467461
22879543591
22897561351
22879632816
22879180971
22879180971
22879785045
22899727826
22879785057
22879972181
22899987550
22897194342
22879785063
22899584885
22879484313
22879789116
22879936447
22879287769
22896442587
22879999520
22879455041
22879746812
22879944290
22879198023
22879198023
22898630330
22879518583
22879017398
22879065602
22879049092
22899314935
22879141865
22879439488
22879129996
22879138239
22879243204
22896040959
22879164301
22879788486
22879961273
22879866087
22879857575
22879857575
22879087077
22879615683
22879297219
22879141374
22879576023
22898644294
22897001267
22899367410
22896115931
22897355782
22898900767
22896564182
22879835095
22897184984
22899773231
22879250026
22896615538
22899611747
22896585095
22899847373
22897836374
22896585137
22896857788
22897658209
22899042829
22898179000
22879485200
22897430711
22899975672
22896825822
22896138244
22896841178
22897569310
22898670153
22897990325
22899213854
22879769598
22897134317
22897219261
22896585082
22899549820
22899336376
22899425225
22897233766
22899811278
22897984301
22896070260
22899847373
22899085235
22899566128
22896251132
22899356664
22896823191
22896145858
22898344942
22899740916
22897282574
22898738510
22896924059
22898984927
22896791742
22897610668
22897032022
22898808257
22896606569
22879193621
22899828582
22898344942
22896914867
22899922197
22899348157
22898778036
22896415079
22898802973
22879898689
22896914379
22896544013
22879540353
22899009968
22879632816
22879540353
22896746888
22899710058
22896655939
22879489305
22897085440
22879276058
22896154121
22897861848
22899834125
22897763884
22897836374
22898492860
22898677063
22899660232
22897018711
22899839644
22896298016
22879661189
22898587163
22899904994
22898340937
22898174445
22896503652
22898175476
22896346794
22896053727
22896721498
22899634030
22898852543
22879501769
22896914867
22899406158
22897223319
22896375747
22896566044
22896346794
22899898780
22879769598
22896241073
22896111374
22897644672
22897274730
22896600491
22897020936
22896980061
22899795972
22899683053
22896447448
22897717472
22897233971
22897723087
22896072744
22897726579
22899853563
22896585360
22897056944
22896958818
22879789116
22898624687
22899953361
22897016242
22896087057
22899690624
22897840011
22897969912
22899404658
22899631351
22896203157
22879240548
22879240548
22896171560
22896228166
22899767711
22879138697
22896320517
22896152815
22899678437
22879893504
22896506623
22896519885
22879171230
22898912084
22899822398
22879293396
22879293396
22896691273
22896232996
22898085365
22896280938
22899919984
22899767711
22896937470
22899026078
22898308101
22899097206
22897129999
22897717115
22897938222
22879049092
22897720177
22899896718
22879831541
22879439488
22879456239
22879054586
22879987302
22879158696
22879096823
22879096823
22879784295
22879450728
22879450728
22897595676
22896796061
22899638874
22879781107
22879854973
22897172367
22879096651
22879096651
22879559814
22897989818
22879760834
22879864892
22897611384
22879417263
22879121192
22879309979
22879808695
22899624420
22899660232
22899611691
22896438579
22898815954
22879239921
22879953957
22879776324
22879154652
22879661189
22879898689
22879217738
22879741283
22879868713
22897675140
22879603931
22879581394
22879489305
22879424299
22879771775
22896969797
22879987302
22879002875
22879771775
22879807070
22879519825
22879868532
22879711774
22879404444
22879197716
22898240340
22879807070
22879569421
22879501791
22879417568
22896173643
22879760834
22879417263
22879721772
22872208800
22879201270
22879501791
22897154767
22879894639
22898826345
22898606423
22879658771
22896506623
22897510553
22897768906
22896726570
22899548434
22872692011
22898174445
22896723634
22896922232
22897056944
22898911945
22878908247
22871453919
22879430473
22897080722
22879426336
22899265133
22899436076
22899953361
22896852232
22899853065
22896164588
22899853065
22893178230
22899855430
22898832167
22893351885
22899714741
22872265110
22896024399
22879329284
22897717115
22879960217
22896466093
22899493073
22896466093
22879204831
22897974029
22896312199
22896924042
22897538314
22879203997
22898219295
22897733459
22898666557
22899615921
22899005090
22899473039
22897331680
22896941146
22896341572
22897701881
22897701881
22896117777
22897082887
22899577711
22899016356
22896418391
22878917345
22897442757
22879909991
22879515610
22896520983
22897521753
22896548639
22879490679
22899665094
22899521243
22896807454
22899205650
22897189308
22899514335
22898832167
22897911132
22896627390
22897748661
22879656686
22899291296
22897192618
22897192618
22897079150
22898505149
22899067768
22897056944
22899783815
22899302187
22897056944
22896160803
22896332980
22897793063
22899626181
22879501769
22899258356
22899106589
22879131032
22897581432
22879401748
22897736389
22899052268
22896637037
22879501941
22897144121
22899106589
22896937470
22898381576
22898381451
22897974029
22899798239
22896086419
22896932400
22897144121
22898301507
22897038923
22897833434
22899192328
22896528254
22899158376
22879463778
22879725885
22896747099
22897076582
22899816468
22879463778
22898858323
22896028925
22879909991
22879463778
22897420060
22897085146
22897478237
22897112182
22896991369
22896332911
22896080911
22897030327
22879520462
22897030527
22897031130
22896895580
22897030850
22896055709
22897484644
22897777956
22879197716
22897820062
22899737106
22897831136
22897831131
22897831143
22897830918
22879522436
22899190403
22879522408
22899111150
22896862155
22899198407
22896268657
22879522336
22898878888
22898629397
22896653796
22896924042
22896754270
22899692385
22899148546
22897617651
22896941146
22896932570
22896950375
22896134435
22879494157
22899739220
22896381637
22897311364
22879055999
22898203548
22899548434
22879942567
22899492939
22897595738
22899699643
22879569421
22896104407
22899797464
22897021976
22896829295
22899492939
22896829295
22896258045
22896203157
22879576203
22879145719
22879513616
22879657799
22879072277
22899510579
22879336989
22879822665
22879569268
22879141781
22872549032
22879658771
22879708180
22879485939
22879696576
22879171933
22879007210
22879007210
22879141386
22879551179
22879861944
22879953957